# RandomWalk result
W 10
H 10
WORLD_TYPE 0
K 1000
REPS 1
PROBS 0.2500000000 0.2500000000 0.2500000000 0.2500000000
GRID
..........
..........
..........
..........
..........
..........
..........
..........
..........
..........
AVG_STEPS
  318.00    97.00   190.00   165.00    24.00    39.00   122.00   245.00    46.00   537.00 
  209.00    86.00   279.00    10.00    81.00    14.00   107.00   440.00   321.00   480.00 
   72.00    17.00    44.00    19.00    42.00   343.00   218.00   355.00   184.00    67.00 
   45.00   380.00   305.00   214.00     9.00    46.00   139.00   422.00    85.00    28.00 
  210.00    73.00   188.00    21.00    14.00    47.00   226.00   175.00   224.00   475.00 
   21.00    44.00     3.00   770.00     1.00     0.00   105.00    60.00   123.00   430.00 
  190.00   589.00   182.00    71.00    18.00   487.00    38.00    89.00   178.00    67.00 
   91.00   188.00   193.00   282.00    81.00   148.00   103.00    12.00    41.00   464.00 
   46.00   289.00    64.00    37.00   196.00   347.00   110.00    19.00   272.00    83.00 
  159.00   422.00    29.00   310.00    33.00   108.00   371.00   146.00    39.00   134.00 
PROB_K
  1.0000   1.0000   1.0000   1.0000   1.0000   1.0000   1.0000   1.0000   1.0000   1.0000 
  1.0000   1.0000   1.0000   1.0000   1.0000   1.0000   1.0000   1.0000   1.0000   1.0000 
  1.0000   1.0000   1.0000   1.0000   1.0000   1.0000   1.0000   1.0000   1.0000   1.0000 
  1.0000   1.0000   1.0000   1.0000   1.0000   1.0000   1.0000   1.0000   1.0000   1.0000 
  1.0000   1.0000   1.0000   1.0000   1.0000   1.0000   1.0000   1.0000   1.0000   1.0000 
  1.0000   1.0000   1.0000   1.0000   1.0000   0.0000   1.0000   1.0000   1.0000   1.0000 
  1.0000   1.0000   1.0000   1.0000   1.0000   1.0000   1.0000   1.0000   1.0000   1.0000 
  1.0000   1.0000   1.0000   1.0000   1.0000   1.0000   1.0000   1.0000   1.0000   1.0000 
  1.0000   1.0000   1.0000   1.0000   1.0000   1.0000   1.0000   1.0000   1.0000   1.0000 
  1.0000   1.0000   1.0000   1.0000   1.0000   1.0000   1.0000   1.0000   1.0000   1.0000 
