# RandomWalk result
W 10
H 10
WORLD_TYPE 0
K 100
REPS 100
PROBS 0.2500000000 0.2500000000 0.2500000000 0.2500000000
GRID
..........
..........
..........
..........
..........
..........
..........
..........
..........
..........
AVG_STEPS
  181.96   177.90   198.84   194.54   147.68   190.28   161.60   179.70   154.02   178.70 
  177.32   209.30   184.34   179.74   172.50   143.46   173.00   200.26   220.92   185.86 
  159.52   192.00   193.60   149.56   177.30   189.22   156.98   161.02   180.98   163.56 
  181.70   164.32   185.12   147.24   148.40   131.88   131.24   145.88   193.56   182.48 
  171.30   179.96   174.50   175.50   123.66    88.00   103.38   133.68   168.72   159.04 
  170.30   168.68   174.98   136.04   125.84     0.00   105.62   170.80   180.44   154.82 
  148.00   157.38   164.28   126.52   125.22   102.28   116.96   129.04   144.88   177.72 
  167.62   157.72   171.56   165.46   143.08   158.38   140.12   159.84   199.14   171.40 
  183.06   177.96   204.22   153.68   152.70   188.60   156.78   179.46   170.72   190.06 
  224.10   155.84   198.40   180.98   173.96   183.72   196.02   159.56   185.94   160.50 
PROB_K
  0.3400   0.4500   0.3400   0.3800   0.5100   0.3900   0.4700   0.4100   0.5000   0.4300 
  0.4300   0.3300   0.3700   0.3900   0.4400   0.5300   0.4600   0.4200   0.3500   0.3800 
  0.4000   0.3800   0.4200   0.4900   0.4500   0.3800   0.4800   0.4700   0.3900   0.4300 
  0.3800   0.3900   0.3400   0.5500   0.5400   0.6000   0.5500   0.4800   0.4200   0.4000 
  0.4000   0.3900   0.4400   0.5100   0.5900   0.7200   0.6600   0.5500   0.4400   0.4500 
  0.4000   0.4300   0.4900   0.6100   0.6100   0.0000   0.6300   0.4000   0.3800   0.5000 
  0.4800   0.3700   0.4800   0.5500   0.6200   0.6200   0.5800   0.5300   0.5200   0.4200 
  0.4100   0.4300   0.4900   0.4800   0.5500   0.4900   0.5500   0.4200   0.4100   0.4500 
  0.4500   0.4100   0.3200   0.4200   0.5300   0.4000   0.4300   0.5500   0.4400   0.4500 
  0.3700   0.4500   0.3300   0.3300   0.4500   0.4700   0.3400   0.4100   0.4100   0.4500 
