# RandomWalk result
W 10
H 10
WORLD_TYPE 0
K 100
REPS 100000
PROBS 0.2500000000 0.2500000000 0.2500000000 0.2500000000
GRID
..........
..........
..........
..........
..........
..........
..........
..........
..........
..........
AVG_STEPS
  189.48   187.35   185.12   181.19   178.18   177.72   179.11   180.51   184.76   187.81 
  187.12   186.52   183.71   178.95   174.83   172.86   174.49   178.84   182.77   186.79 
  184.70   183.48   179.35   172.41   166.64   161.84   166.28   173.14   178.28   183.45 
  182.04   180.13   172.75   160.97   149.41   140.99   149.08   161.31   173.00   179.18 
  178.71   175.09   166.31   149.68   125.69    98.92   126.10   150.13   167.55   174.16 
  177.24   173.88   162.68   141.73    99.27     0.00    98.42   141.43   162.33   173.37 
  178.11   176.76   166.77   149.84   125.73    98.89   125.71   150.06   165.12   175.22 
  181.24   179.54   173.83   162.10   149.89   141.16   148.95   161.80   173.05   178.62 
  186.28   184.12   178.60   173.40   165.53   163.60   165.92   173.22   179.15   183.88 
  187.30   186.38   183.43   178.78   175.39   173.64   174.57   179.40   184.11   186.18 
PROB_K
  0.3827   0.3840   0.3938   0.4039   0.4201   0.4209   0.4194   0.4077   0.3981   0.3816 
  0.3824   0.3908   0.3948   0.4158   0.4266   0.4389   0.4285   0.4190   0.4003   0.3908 
  0.3974   0.3975   0.4183   0.4369   0.4615   0.4731   0.4607   0.4352   0.4204   0.3949 
  0.4048   0.4142   0.4373   0.4785   0.5151   0.5466   0.5141   0.4732   0.4353   0.4168 
  0.4179   0.4264   0.4639   0.5146   0.5969   0.6817   0.5971   0.5141   0.4596   0.4269 
  0.4208   0.4359   0.4689   0.5445   0.6822   0.0000   0.6819   0.5465   0.4717   0.4355 
  0.4221   0.4229   0.4587   0.5126   0.5967   0.6803   0.5961   0.5131   0.4641   0.4250 
  0.4056   0.4161   0.4333   0.4764   0.5122   0.5453   0.5140   0.4753   0.4346   0.4170 
  0.3924   0.3936   0.4175   0.4362   0.4640   0.4682   0.4619   0.4368   0.4176   0.3980 
  0.3832   0.3898   0.3951   0.4180   0.4273   0.4375   0.4285   0.4153   0.3958   0.3904 
