# RandomWalk result
W 10
H 10
WORLD_TYPE 1
K 100
REPS 100000
PROBS 0.6000000000 0.2000000000 0.1000000000 0.1000000000
GRID
..........
....#.....
..........
...#.#...#
.........#
.#.#......
..........
..#..#....
#.#.......
.....#..#.
AVG_STEPS
   56.53    52.52    51.14    49.17    50.90    49.75    50.32    51.54    52.80    53.66 
   53.50    54.32    54.18    56.40   ######    50.98    49.43    53.62    52.03    53.52 
   52.13    55.91    51.84    50.18    52.32    52.55    51.03    49.77    53.42    52.81 
   53.37    53.50    55.07   ######    50.36   ######    47.10    55.18    49.92   ###### 
   58.26    53.43    48.58    49.83    45.05    25.51    44.75    52.53    50.87   ###### 
   54.54   ######    50.48   ######    34.10     0.00    40.45    48.27    51.56    53.06 
   52.29    52.51    50.57    41.72    32.85     8.14    37.38    44.69    51.72    53.71 
   50.99    48.75   ######    39.05    36.35   ######    35.90    46.18    50.10    50.63 
  ######    49.15   ######    37.92    39.07    39.11    39.90    44.89    49.46    49.55 
   52.05    49.54    46.16    38.64    38.94   ######    40.18    45.16   ######    51.78 
PROB_K
  0.0001   0.0001   0.0000   0.0001   0.0001   0.0001   0.0001   0.0001   0.0001   0.0001 
  0.0000   0.0000   0.0001   0.0001   ######   0.0001   0.0001   0.0000   0.0001   0.0000 
  0.0000   0.0000   0.0001   0.0001   0.0003   0.0001   0.0001   0.0001   0.0000   0.0000 
  0.0000   0.0000   0.0001   ######   0.0006   ######   0.0004   0.0002   0.0001   ###### 
  0.0000   0.0001   0.0001   0.0006   0.0012   0.0037   0.0010   0.0004   0.0002   ###### 
  0.0001   ######   0.0003   ######   0.0020   0.0000   0.0015   0.0005   0.0003   0.0003 
  0.0001   0.0002   0.0004   0.0016   0.0024   0.0054   0.0018   0.0009   0.0003   0.0002 
  0.0001   0.0002   ######   0.0016   0.0022   ######   0.0017   0.0006   0.0003   0.0002 
  ######   0.0003   ######   0.0015   0.0019   0.0018   0.0016   0.0009   0.0005   0.0003 
  0.0003   0.0003   0.0010   0.0016   0.0019   ######   0.0015   0.0008   ######   0.0003 
