# RandomWalk result
W 7
H 7
WORLD_TYPE 0
K 30
REPS 20
PROBS 0.2500000000 0.2500000000 0.2500000000 0.2500000000
GRID
.......
.......
.......
.......
.......
.......
.......
AVG_STEPS
   93.70    93.45    66.85    70.80    64.10    72.40    67.20 
   55.85    88.75    52.50    66.25    84.70    73.05    91.70 
   70.80    55.70    51.70    63.70    62.05    52.25    62.85 
   82.85    42.10    34.45     0.00    34.95    89.15    71.70 
   57.15    70.05    65.60    41.30    77.40    73.35    85.95 
   96.40   129.80    46.00    57.05    74.60    99.40    75.00 
   84.65    72.85    67.65    60.00    77.50    67.00    90.70 
PROB_K
  0.4000   0.3500   0.3500   0.2500   0.2000   0.3500   0.2000 
  0.3000   0.3500   0.4000   0.4500   0.4000   0.3000   0.2000 
  0.4000   0.4500   0.5500   0.6000   0.3500   0.2000   0.4500 
  0.4000   0.5500   0.7000   0.0000   0.6500   0.2500   0.3000 
  0.3000   0.4000   0.5500   0.6500   0.2000   0.3000   0.2500 
  0.3000   0.3000   0.4500   0.5500   0.4000   0.2000   0.3000 
  0.1500   0.2500   0.3000   0.4500   0.1000   0.3000   0.1500 
